1.6137489531934275
6.2427540332078895
10.018218527947107
10.295109598324403
7.375226978353962
6.555528263009959
6.731904234083796
6.564547419557804
6.6100622771554045
6.829861978017364
7.940688207391646
9.941477302971633
10.652902266634126
15.00737775663529
8.533034251332223
4.150769413610301
3.01881325349212
2.9342327294747066
2.582472610920671
2.5587584452331096
2.417659160718325
2.4769445747882157
2.540972820818427
2.940556502275999
3.0866357603073142
4.06365936648845
4.642868730700923
7.493676235892505
7.901559882109763
14.19733200005109
16.62995364427556
13.258589833229657
14.224704934954477
7.446247905641746
5.602579343264728
6.545109629273372
6.042369326485501
8.633141891956264
13.588894286751609
20.688237821161536
13.877529539167803
17.01728501429152
16.365935943325272
14.303029419439072
18.356661077737705
13.582118773630613
16.995603482808313
15.381007590517363
16.452887880504093
16.326017092987865
16.362774040624465
16.816730929272456
20.490619747539313
18.81278609284329
18.590719896778392
21.42337692310404
23.243676242351455
22.122470525860695
21.43191403830042
22.52086850738511
20.519392960071404
22.955312003612413
22.74662736664202
18.915999187230945
16.252107962767152
20.065978147387323
20.521290104389003
13.777252493245141
12.152324015572562
13.15424749977876
14.879848271210859
13.654616389125495
23.783726876278536
21.61783309330535
21.241963583752426
17.37615938345576
11.273714184462943
10.866779100954476
11.264228510335068
7.329709719930362
9.529537305310322
17.21838113570204
13.37004639163606
15.10549212325701
26.74720702841873
29.5652403428157
22.892074258824096
20.08747892518839
20.821037126978172
12.298166112154682
18.195088540812304
16.669025541373607
29.49662733948228
18.50111421057153
22.592146479572527
28.796585221528954
19.883853305578157
15.239400161930435
16.933269097294094
14.127713965475538
18.855923295418407
11.903457011183086
17.88806916594499
11.275069275328088
18.547639137009742
17.594555550302708
14.207419915993986
10.351233141869294
20.132377762198452
8.364249577389815
8.448171372115606
7.992200691170158
7.206396049686832
7.191188887887525
6.9126791905611675
6.61743783429264
6.839165281918309
8.402719256679205
6.426538814753289
6.6530090892314835
6.360139139592646
6.916236310303203
6.444324437975878
6.482267100736493
6.259184552516248
6.901499671850871
6.354210603609676
6.67198041722178
6.100469029769295
6.128794295522898
7.057335602385647
6.553409597501152
6.30678227260708
8.744203229943901
6.583052298501128
6.981450271350987
6.871179402396073
6.881850781738752
10.55483622780863
8.217297055550981
9.748893362283694
6.989580834933683
7.028878597840656
7.856502984464157
8.078230414465052
6.976707433521737
7.362232008491233
6.896079262346025
7.589718590304255
6.5830522987246445
6.962478925213212
6.845093825831995
9.982082644999005
7.998524464435042
8.589270664900518
12.530564930637652
10.678149838447576
16.882904725472102
20.8982775144917
23.064397130906546
22.184601602777832
38.34060180996147
23.371890813360597
36.47554808318619
19.53911709644966
35.041104583276635
21.38448567402364
35.80485934311151
18.155133741660556
8.369454832429785
7.489109017153578
7.399828639740638
6.683507002142607
6.9411361383199655
6.497681248188017
6.6211479023579605
6.559338077460563
6.559185083181625
6.497681248188017
6.497681248188017
6.55903208851814
6.55903208851814
6.497681248188017
6.55933807769129
6.621147901781141
6.55933807769129
6.903775141081718
6.748040631677282
6.878688835660613
6.747418620625478
7.539918810017402
9.748975073551307
11.742927504346268
49.66079101204869
42.43375717557963
39.56471336791915
27.375632394041357
40.25906407737733
28.078625658618098
30.55604073686258
32.06155146471098
47.58177831113332
43.1455522738894
34.06829678965942
35.60080035227532
59.05118580177422
35.049536233767874
29.133190823878483
53.59085155655938
37.36810404019691
28.02698144634558
46.10556900650255
44.19213742037612
53.936927643318846
33.69190029732873
37.903988474878375
37.83199827949204
35.427777185142006
38.27782457947725
47.84976512125557
41.57567448019977
33.38385325598715
47.67970063457881
30.29247474322699
42.73134486496445
39.993939662799235
51.60202354470883
44.114671113987725
28.951608013936386
36.638385289808014
56.68823767364029