3.322477357685569
2.0958207477629194
20.187650273084643
29.039909302592235
25.368975821203655
23.123494024409183
26.253012092113497
25.166792218834146
28.297332228422192
28.945998229128993
23.09469120070339
21.08283128791384
20.219195020957414
24.83539160501957
20.160542226314526
24.25043035915919
20.350527180035897
20.27834069338712
24.83403615784646
21.813663773536675
33.67319272955262
32.182228766679806
28.877258888483066
29.90737936675552
24.301355396628384
21.039156688584214
22.386637506593345
22.95837901223788
21.221837411284433
21.393483090509054
22.715361497534634
20.98315997936507
21.64816967001326
21.25436753582953
24.7515060631434
22.735843432068812
21.049698876887554
22.447289221551678
25.244728946089747
25.233433762689433
28.28087353393437
27.66822292387485
21.200150680661196
23.099096440792074
22.983885621547696
24.25219063043596
28.88234186485412
33.82003007332488
31.722676365034953
33.40030117201807
28.47353691884452
32.89156618376577
25.235692650278423
27.24203944921495
24.040662555032284
31.35090353449189
26.057013739517767
26.05120481684805
29.006024092733863
26.422251495420944
29.151247865983446
30.52796902554377
22.383433786034587
21.509036166403018
22.365813306093212
25.835843405458675
24.30024647550149
23.056955173232343
21.771460908452656
24.618975961605706
22.437650652408585
26.42086532137611
24.033320833146565
22.444088911563142
23.896084397766323
24.498630944490444
29.313898446049024
22.448795226150093
25.365022611916068
24.914156646331147
27.65641139728683
30.102221391201056
27.35071540385486
26.231282256501082
26.585843360026697
22.274096404578945
28.868545595407507
33.86069264034432
30.474397442738237
28.03463842749594
31.356712504965945
22.92356924921275
23.733433668216062
27.847138442695147
21.000564736276875
27.21856174454095
30.899741806813644
25.84487955000666
23.604668721755345
21.15000008559226
22.83639109351418
29.592244025319815
26.92061106545586
23.58942025437951
28.978915702615478
24.244427774190896
28.299510593563333
26.099612805673054
26.00105428087711
32.78313254276913
27.586219936311252
28.828125042468326
24.894013590961688
30.890060252100234
27.50828312009574
25.152108349204052
28.298945687413234
27.992168478965755
28.216006695713315
28.667168476581573
26.562392383473288
26.35327019504138
23.689382538050417
31.176957848270746
25.802710891697142
30.954442816972755
24.614457887940933
26.82153620024523
19.922762551477955
27.35240969315171
27.375645492587775
26.656626577377317
27.643825351357464
25.558324275016783
32.9270654300281
27.72650604271889
27.53369732156395
29.414006052970894
27.07078317920368
32.25903617978098
24.624623549282536
28.699360004514464
28.47864189559765
26.462349447806687
25.472891643577157
26.456137102544314
26.489457907279345
24.20952563628554
26.422977667876648
25.647966867536322
28.167921684384336
27.51336597606541
25.605851931571976
31.188252936005625
29.24322280183436
28.258283040920873
27.05591113075615
18.969126517325623
23.75884791508316
24.651731956452146
24.38554220226075
27.150328640937822
28.405120545824378
24.103270302840645
23.118411232233044
28.283132591644932
28.718674762248998
22.856927797794334
29.923192830615594
26.569653673171988
27.872398723472262
26.625410793044356
26.81174706379574
27.679216944509093
26.520519648343324
26.7560241666862
30.417018107652677
31.45933737382294
21.462349466482785
26.573042215853945
29.370632562160505
31.59681584068708
29.217082641295033
29.7379518327117
29.99849397593076
27.526678137438637
31.13177711308003
27.23042166680099
25.888554221524146
30.200731487785088
26.012236480265862
24.516566311253452
33.97074010866031
27.18201381581173
31.842728047030345
25.939382549524304
31.997633379016616
29.797251542806645
30.617469906144695
32.75376510754231
27.665662713050843
24.435241042508025
32.41415668977634
29.229668727278728
28.266566335492683
27.643072321414948
29.58072293388845
34.7278399894919
27.96234946027399
34.69879520952704
30.41905125364662
29.23305728495121
32.80120484501127
33.5873494243622
34.265060268441836
30.268502586398803
26.29668680694367
29.23257320795742
28.69126511984403
27.14096387577056
29.85451809489728
27.34902112320067
32.4182982492447
24.079587671756745
32.74969885551933
27.448521426049147
27.49096391399702
31.952710918188124
29.26897596287729
30.14288411304356
28.829819335192454
24.258175606216703
32.15737956047059
25.629329866468908
34.16824442693167
28.926204884052297
28.795180746184467
32.756024116675086
30.347891615118296
26.254518095850944
34.01333910942082
36.48644585768386
31.793674735360696
27.64909643689792
32.33358439713717
34.15154371693734
31.608433802979366
31.42921692331634
27.80647595629097
35.39759039905339
36.2497849076135
37.57737203344706
29.597326869815582
34.35824552997951
31.639414847748647
34.17405338883403
32.75545938640835
30.103915682584066
32.20481930903026
37.669427756667176
28.400602445337526
30.700301216642085
31.108622058630004
33.965173280686194
31.77616724461319
30.694277199109422
28.445783227549676
32.21024104177955
30.61897598052027
33.23663410767916
24.63170875527642
28.87500009483763
36.72515063206354
33.82680728753409
29.932793733328594
33.307228943109536
37.287650628600844
31.847480890967645
37.52775390727182
23.25564764529466
34.111445811986954
28.97117046202933
32.13874250710015
31.21837356130284
32.81475909778053
30.731927787330424
27.93072294606104
31.972703349888356
32.99503017079834
26.968825351953512
32.652108450730665
29.234939838515388
35.798381061404974
34.594234091554405
31.379518130752793
34.63102412836895
27.787838930338634
32.331325411664146
26.317206422239543
27.77936756312849
29.14350266950469
30.330948875397468
27.45331334498194
33.15813258979057
28.363893135637035
30.53765063121917
32.655981064694274
30.400172126633798
27.79969878690585
28.30701371737891
24.32473640963435
31.78463845849043
25.33885539147589
29.371987948715688
26.938037859882645
27.71643719485828
28.29781628370286
35.61201054111127
30.34619734793903
30.576619004309197
30.527485004663486
28.806099463701244
29.21442022994163
31.537274142056706
35.25301209131881
31.57228919479584
31.564759083456497
37.541114509940186
34.97289159417155
35.06863172599249
35.39175454378131
38.056368344000454
34.50516354611945
28.480798239111905
28.073795245620957
26.736445835563888
28.646837396025674
27.95557229292394
32.860504519790425
35.11510329808512
35.313817804753825
33.161144619915255
32.71581334257127
33.78614462428625
33.27437024550007
34.17018077201317
32.61551208722593
36.29668676786956
28.537650624778557
24.372176258414974
19.19954819664358
22.017857137918458
27.300129039798467
19.9227624641146
19.64006026327609
27.367900181497845
30.283132574425824
33.212914210408954
31.21084343632064
35.37456976584027
28.57228920996188
28.868017594922687
31.295180784993704
26.68147596016525
30.519578396744222
30.13610701099039
31.13573048964145
33.77710847035051
37.018072308434434
28.824736498147267
33.560240996927035
33.87876509040598
33.40813256104789
35.34036148919001
31.942771103117227
35.043072301149415
30.037500025153168
35.97560244274142
35.947289184729286
36.037650659349254
37.231739508211646
30.07379523754122
26.92274105632306
36.63102415707379
35.65210851854752
29.13885549342633
31.558735013935316
33.951807309786496
36.296686791049154
35.351091941744116
33.82530125035183
35.89457834733861
38.12530124616628
38.80722894575866
36.03012054244678
37.05045183157927
38.54518075519143
33.02916213013912
36.34337350792359
35.864457857079
33.704254565536985
38.60512050437933
38.391566313505216
38.334337386157806
38.2144202256203
37.142250843590006
35.59789162821244
38.46686752173642
36.37545184075835
34.46024102211002
36.67500005149845
36.694961714094376
38.770481955528304
35.20572294974331
34.0021084723473
30.575301262935024
33.015060248507424
29.569879558801667
39.12650602473156
26.456599186983976
30.239457877874397
36.79156629097467
34.062979226871
34.84653618800644
33.561747046973984
33.104480485022094
31.439759102000146
36.35918680775167
36.20084890582348
36.35918680429463
38.63358437371259
37.40828320705892
34.28268079078202
36.69496173490181
37.13704826990767
29.5888554756208
33.87334342455868
34.42469882024662
36.405120541122265
34.69743982768061
35.27756028139595
36.377053732221825
32.33493982386592
35.87061889410024
32.862198859334015
30.281626560423124
30.305873568058026
35.56133630990986
36.603162706613574
38.43704823708538
37.89487957453732
38.254518122540624
36.358433771398374
36.772590395569836
35.38328320813181
35.302573963837226
36.027108465649896
34.81024102913011
35.47816270613674
39.23576123963707
38.06475908729769
37.598042204260864
37.78746241003278
39.11069280445581
32.641018677299705
33.179367532253295
36.14539983619346
38.49804221689706
37.2117470107079
36.569277150366084
38.85131438396198
39.156777132391994
36.066415705204044
37.01792173612121
36.7658133090735
39.14827493624259
38.88840365219121
39.17981929409508
37.194126528978394
39.04427712142473
36.79518074764149
35.19623497152332
36.28956737789245
39.00768075299268
38.68524099959271
39.24192226474941
38.304216891408004
36.33269445126711
35.285692835092576
36.749548249363926
36.305586046955845
36.582831395972896
38.048381097614794
36.17018077810607
38.489909689188025
37.83721251466063
38.78354330312127
35.874315497225034
36.73343376610018
33.76524853348735
36.896084339618724
30.11897591710093
38.117469840049814
34.16716867446904
29.50922439008953
29.865748751504082
37.446234960675284
35.44578313854011
37.28087350845343
37.283584369301835
38.778614482402844
38.836897626996084
38.708379026543064
36.597741015672725
33.504329876899746
37.87387055441741
35.73738710701468
37.33570652820852
38.47740968783702
37.531626534462035
36.73734945142273
36.74819282579425
37.95180726322265
35.49171691262726
37.450301244497346
35.68012049603467
28.934186800122273
36.98810243964199
37.39978096582677
35.77697156667714
38.809789205312775
33.13441271106404
36.442771152125516
36.690032913684895
35.93962217460984
37.03418680417543
38.68780125904088
36.370481975211085
37.194126542806664
37.41912655162815
36.9460843750239
36.30065721717751
36.566265109645016
34.944126555681265
37.37513696551327
39.361445805430456
38.81777113715811
37.20768075323109
38.97786148583894
35.14472896027569
34.95768075275423
39.13595292719932
37.19646772926507
35.24589270190763
36.91762053835395
39.83953998988331
39.186596399068875
36.01108985315673
36.742771128058486
37.47740965974335
35.6042168977261
38.68780123507981
35.990142400698275
37.0843373774158
34.899096404314065
38.99096387108173
32.79668678813514
32.149096414248184
35.08915666282181
36.80873498135147
39.34296278552581
39.08050385984513
37.07756026244168
39.357749205285906
39.45632531220269
39.31708654316996
39.42059146913621
39.633762342821534
39.316716892480905
39.116237702803225
37.689348337758716
39.12486311446542
39.60542171738371
39.51547101140027
39.60911830934617
37.375753046512656
37.69156629478937
36.74698799252513
39.57831327402597
39.62144035306849
35.6408132849932
39.80010955550459
39.116114506125484
37.760816041122844
37.739006058931395
38.46009042286878
37.02876510035995
38.82063258671764
37.4466046284546
38.37198800073734
36.79819279988611
39.35873494493966
36.70030123088097
36.93253014147287
34.82680725468533
34.480421738889504
34.80120484617025
32.66716871592737
37.0938253359795
33.28407384529712
35.21250002920631
39.17921689232194
39.60049290082678
38.68237956666951
36.70030124412647
38.90873497200017
36.14909643828872
38.81804494413468
35.72891571445902
37.35406631159786
39.21974262400112
39.082228957176255
39.087650657296216
39.033680207512646
39.35035599806098
37.26325303101544
37.76944143566223
39.05572294884263
39.595933746457156
39.51670320500033
39.096522490978295
39.52902523495939
39.62636913548822
39.27888832655827
39.40210846857597
39.62267254352575
39.24561889865186
39.31092556346552
39.819824784018834
37.622809455936654
39.62883355476645
37.62527384389535
39.501916786974185
37.280873525738755
39.413198268305244
38.80843377995496
37.89882260225041
39.14581055240203
39.44400332234129
39.52532862533227
39.697836825414186
39.21851044839085
39.118702134435885
39.51596387588983
39.126957857728044
39.234529052430986
39.707694433602484
39.09307232987885
39.38116105664866
37.36106931716209
38.811883948066075
37.78792446472434
39.206188430135946
39.4095016711409
38.65169772061441
39.44400331139571
39.346659411083614
39.53148962725297
38.45208107959146
39.420591496554344
39.58940310207287
39.69906903104353
39.11069280660156
39.59679630702198
39.53025742671712
39.71015884605326
39.42515064370636
39.33556958101018
38.78132534372811
39.15690036643639
37.678258540738746
39.89006026333035
39.71262324539103
39.305873529791874
39.39871991823122
37.99370211460379
39.9861719773033
39.41566269679507
37.815032892443966
37.616648452498744
39.616511518630176
37.53285874052486
37.50082150611016
39.097754701701135
39.62575302839284
36.05421692447233
39.06731932103639
39.51054222031078
37.32492473979795
39.29613913210961
39.61897595438096
38.56174703944817
39.32891571557526
39.73554220783716
39.51731930232053
37.24021087992194
37.6265060674061
39.72248084761886
39.4846659783884
38.10361448645596
37.77018074822431
39.8050383608992
39.62020815123217
39.22836806915029
39.622672541141554
39.509310033538185
38.941265113570516
35.90265611735262
39.61897593660794
39.99110080393883
39.591867511055746
33.52771089184289
39.8075027787686
33.128012095822264
33.62665666747096
37.88945785105233
35.64759040439132
39.69290802977307
39.89991788062187
39.52138558769231
38.97891570369406
39.26927714383607
37.67530126535896
39.38362544460735
39.509309999509355
39.79887735767803
39.60911832972011
39.345427207621704
39.692908025004705
39.41319828477779
39.3966867871285
39.240813304781966
39.52039983272557
37.89646087686226
39.6029573286664
39.30722895205027
39.89252468846067
39.62846386933331
40.016977023536555
39.29244253949691
39.69894581329828
39.7076944540848
39.728765078663876
39.790251951326084
40.188253043239826
39.796412951837944
39.097138611197515
39.60665391358469
39.489594793536504
39.51423881346535
39.717552055987504
39.79148414405915
37.69021086931232
39.80503838192338
39.98863638563594
39.41430726301674
40.00219060735273
37.69156628787523
36.01762051844601
39.805038364041984
39.620208122188444
38.40180724132067
39.695372420549454
40.08351591467862
39.988636393872234
39.70892663988205
39.99110080502257
39.79764515811751
39.805038357214535
39.63253014755252
39.61774374008184
39.805038367726645
40.00219060377646
39.62513694037096
37.89894579684738
39.41159642708305
40.08351590254096
39.90484668244021
39.79518074945975
39.779162137508436
39.525451852202465
40.00095840930943
39.621686780810414
39.69906902735889
39.90484669067648
39.84262051224713
39.993565208911946
39.809967183416596
40.000958418846174
39.618975946794905
40.08474811098799
39.80627057888295
39.90607889999048
39.81366378003906
39.99972621549265
39.84126508378987
38.09548195230965
39.42305588949816
40.18825304876679
37.711527982083275
38.106325327634856
40.1857886510546
40.08967693588955
39.68181822050705
40.188253032836094
39.994797398068734
39.61897594916825
40.10939213362611
39.808734980279795