1.6137489531934275
6.2427540332078895
10.018218527947107
10.295109598324403
7.375226978353962
6.555528263009959
6.731904234083796
6.564547419557804
6.6100622771554045
6.829861978017364
7.940688207391646
9.941477302971633
10.652902266634126
15.00737775663529
8.533034251332223
4.150769413610301
3.01881325349212
2.9342327294747066
2.582472610920671
2.5587584452331096
2.417659160718325
2.4769445747882157
2.540972820818427
2.940556502275999
3.0866357603073142
4.06365936648845
4.642868730700923
7.493676235892505
7.901559882109763
14.19733200005109
16.62995364427556
13.258589833229657
14.224704934954477
7.446247905641746
5.602579343264728
6.545109629273372
6.042369326485501
8.633141891956264
13.588894286751609
20.688237821161536
13.877529539167803
17.01728501429152
16.365935943325272
14.303029419439072
18.356661077737705
13.582118773630613
16.995603482808313
15.381007590517363
16.452887880504093
16.326017092987865
16.362774040624465
16.816730929272456
20.490619747539313
18.81278609284329
18.590719896778392
21.42337692310404
23.243676242351455
22.122470525860695
21.43191403830042